SUDT ACCESSPORT LOG FILE - Monitor mode

¼à¿Ø: COM5
´´½¨Ê±¼ä: 2010-04-27, 10:05:07
¼ÆËã»úÃû: ý=JŠF
ÏµÍ³°æ±¾: Microsoft Windows 2000 Server Service Pack 4 (Build 2195)

#       Time        Function                        Data ( Hex )	

1       [2126398611]IRP_MJ_WRITE                    Length: 0014, Data: 01 58 01 04 00 00 01 00 01 01 01 02 00 19 
2       [2126398675]IRP_MJ_READ                     Length: 0078, Data: 01 58 01 04 00 00 82 96 06 58 4A 08 04 00 62 63 64 65 66 67 68 69 01 00 01 01 72 01 07 02 02 00 41 01 00 00 00 C8 00 8A 01 01 00 00 00 00 00 00 00 00 00 00 00 00 00 00 FF 63 01 02 00 00 00 00 00 00 00 00 00 00 00 00 00 00 FF 63 9A 95 
3       [2126399068]IRP_MJ_WRITE                    Length: 0014, Data: 01 58 01 04 00 00 01 00 01 01 01 02 00 19 
4       [2126399133]IRP_MJ_READ                     Length: 0078, Data: 01 58 01 04 00 00 82 96 06 58 4A 08 04 00 62 63 64 65 66 67 68 69 01 00 01 01 72 01 07 02 02 00 41 01 00 00 00 C8 00 8A 01 01 00 00 00 00 00 00 00 00 00 00 00 00 00 00 FF 63 01 02 00 00 00 00 00 00 00 00 00 00 00 00 00 00 FF 63 9A 95 
5       [2126399588]IRP_MJ_WRITE                    Length: 0014, Data: 01 58 01 04 00 00 01 00 01 01 01 02 00 19 
6       [2126399652]IRP_MJ_READ                     Length: 0078, Data: 01 58 01 04 00 00 82 96 06 58 4A 08 04 00 62 63 64 65 66 67 68 69 01 00 01 01 72 01 07 02 02 00 41 01 00 00 00 C8 00 8A 01 01 00 00 00 00 00 00 00 00 00 00 00 00 00 00 FF 63 01 02 00 00 00 00 00 00 00 00 00 00 00 00 00 00 FF 63 9A 95 
